-1		ewoce_eep_110W			-2		ewoce_wep_179E			-3		ewoce_wep_165E_calcd			-4		glob-alk-tco2_eep_calcd			-5		glob-alk-tco2_wep_calcd			-6		glodapv2_eep_86W_calcd			-7		glodapv2_eep_95W_calcd			-8		glodapv2_wep_1_calcd		49HG19950414	-9		glodapv2_wep_2_calcd		49NZ1998129	-10		glodapv2_wep_3_calcd		49NZ20020107	-11		glodapv2_wep_4_calcd		49NZ20021217	-12		glodapv2_wep_5_calcd		49NZ20041117	-13		glodapv2_wep_6_calcd		49NZ20070216	-14		glodapv2_wep_7_calcd		49UP20070606	-15		glodapv2_wep_8_calcd		49UF20090610	-16		glodapv2_wep_9_calcd		49UF20100108	-17		glodapv2_wep_10_calcd		49UP20090117	-18		glodapv2_wep_11_calcd		49UF20180129	-19		pacifica_eep_110W			-20		pacifica_wep_1			-21		pacifica_wep_2			-22		pacifica_wep_3			-23		pacifica_wep_4		
Approx_Depth	Avg_pH	Station	Depth 	pH	Approx_Depth	Avg_pH	Station	Depth	pH	Approx_Depth	Avg_pH	Station	Depth	pH	Approx_Depth	Avg_pH	Station	Depth	pH	Approx_Depth	Avg_pH	Station	Depth	pH	Approx_Depth	Avg_pH	Station	Depth	pH	Approx_Depth	Avg_pH	Station	Depth	pH	Approx_Depth	Avg_pH	Station	Depth	pH	Approx_Depth	Avg_pH	Station	Depth	pH	Approx_Depth	Avg_pH	Station	Depth	pH	Approx_Depth	Avg_pH	Station	Depth	pH	Approx_Depth	Avg_pH	Station	Depth	pH	Approx_Depth	Avg_pH	Station	Depth	pH	Approx_Depth	Avg_pH	Station	Depth	pH	Approx_Depth	Avg_pH	Station	Depth	pH	Approx_Depth	Avg_pH	Station	Depth	pH	Approx_Depth	Avg_pH	Station	Depth	pH	Approx_Depth	Avg_pH	Station	Depth	pH	Approx_Depth	Avg_pH	Station	Depth	pH	Approx_Depth	Avg_pH	Station	Depth	pH	Approx_Depth	Avg_pH	Station	Depth	pH	Approx_Depth	Avg_pH	Station	Depth	pH	Approx_Depth	Avg_pH	Station	Depth	pH
10	8	156	9.149	8.0600004	2.5	8.13	121	2.486	8.1499996	6	8.07	71	5.967	8.08	0	7.885	19677	0	7.91	0	7.853270875	20353	0	7.88	2	8.02	351	2.387	8.05	2.5	8.05	73	3.182	8.03	0	8.068	104	0	8.072	0	8.03	6	0	8.027	0	8.057	9	0	8.062	15	8.070336	6	15	8.07	10	8.062	28	10	8.059	10	8.075	2	10	8.068	0	8.034	2988	0	8.034	10	8.068	2456	11	8.067	10	8.086	2585	11	8.099	10	8.006	3318	11	8.011	0	8.032	5299	0	8.031	5	7.988	34	5	8.0439997	12.5	8.1034999	6	15	8.1029997	0	8.04749965	2079	0	8.0299997	0	8.08249995	2203	0	8.0889997	10	8.05419978	28	10	8.0509996
25	7.98	156	75.964	7.6900001	35	8.13	121	37.885	8.1499996	20	8.07	71	19.888	8.08	10	7.882	19677	10	7.9	10	7.867927625	20353	10	7.89	40	7.94	351	35	7.62	9.5	8.04	73	19.591	7.99	10	8.074	104	10	8.076	30	8.028	6	15	8.029	20	8.064	9	10	8.062	30	8.070012	6	30	8.07	50	8.056	28	51	8.054	50	8.065	2	51	8.069	10	8.035	2988	10	8.032	20	8.063	2456	21	8.057	20	8.088	2585	22	8.093	20	8.006	3318	21	8.012	10	8.034	5299	11	8.033	10	7.999	34	10	8.0439997	30	8.0994997	6	29	8.1009998	10	8.04799985	2079	9	8.0279999	10	8.0829997	2203	10	8.0889997	50	8.04640006	28	51	8.0450001
50	7.79	156	99.126	7.6599998	65	8.11	121	68.407	8.1000004	45	8.06	71	45.74	8.08	20	7.866	19677	20	7.89	20	7.8762705	20353	20	7.9	60	7.84	351	57.468	7.65	20	8.04	73	39.08	7.95	25	8.07	104	25	8.066	40	8.027	6	29	8.027	30	8.063	9	20	8.064	40	8.069786	6	40	8.07	100	8.005	28	100	8.019	100	7.982	2	99	7.986	25	8.032	2988	26	8.028	30	8.061	2456	31	8.061	30	8.087	2585	31	8.087	30	8.006	3318	30	8.012	25	8.031	5299	26	8.024	15	7.984	34	25	8.04	40	8.09849975	6	39	8.1049995	19	8.0455003	2079	20	8.0290003	20	8.08200025	2203	20	8.0880003	100	7.99760016	28	100	8.0100002
75	7.7	155	9.149	8.0200005	100	8.03	126	2.387	8.1599998	70	8.05	71	69.6	8.07	30	7.852	19677	30	7.88	30	7.87851175	20353	30	7.9	85	7.81	351	82.32	7.67	29	8.02	73	59.861	7.96	40	8.066	104	39	8.065	50	8.024	6	39	8.029	40	8.061	9	30	8.063	50	8.069485	6	50	8.069			29	11	8.058			3	11	8.076	50	8.016	2988	50	8.019	40	8.062	2456	41	8.062	40	8.086	2585	40	8.085	50	8.001	3318	41	8.01	50	8.029	5299	51	8.03	25	7.998	34	50	8.0469999	50	8.09299995	6	49	8.1040001	30	8.04299975	2079	31	8.0299997	31	8.0805001	2203	31	8.0860004			29	11	8.0489998
100	7.69	155	23.866	8.0100002			126	39.378	8.1599998	95	8	71	94.451	8.04	50	7.809	19677	50	7.83	50	7.885774563	20353	50	7.91			351	106.87	7.67	40	8	73	79.247	7.94	50	8.064	104	49	8.067	60	8.021	6	49	8.029	50	8.059	9	40	8.062	60	8.068251	6	60	8.068			29	50	8.034			3	50	8.062	75	8.001	2988	76	8.007	50	8.052	2456	51	8.059	50	8.082	2585	50	8.086	60	8	3318	52	8.002	75	8.03	5299	76	8.031	50	7.882	34	74	7.9419999	60	8.08949995	6	59	8.1029997	40	8.04050015	2079	41	8.0310001	40	8.0785003	2203	40	8.0830002			29	50	8.026
		155	48.724	7.8099999			126	99.821	8.0200005			73	5.967	8.1	75	7.743	19677	75	7.74	75	7.8909345	20353	75	7.91			352	2.586	8.06	50	7.96	73	99.128	7.91	75	8.042	104	67	8.033	70	8.014	6	59	8.027	60	8.058	9	50	8.058	70	8.058718	6	70	8.059			29	99	8.026			3	99	7.983			2988	102	7.982	60	8.049	2456	61	8.058	60	8.094	2585	62	8.099	80	7.995	3318	61	8.001	100	8.027	5299	104	8.027	75	7.763	34	99	7.8239999	70	8.0764999	6	71	8.085	50	8.0380001	2079	50	8.0279999	51	8.0749998	2203	51	8.0799999			29	99	8.0170002
		155	72.883	7.6900001			134	3.182	8.1199999			73	44.747	8.08	100	7.724	19677	100	7.71	100	7.9003285	20353	100	7.91			353	1.79	8.07	80	7.87	74	20.883	8.11	100	8.016	104	75	8.021	80	8.006	6	71	8.019	70	8.056	9	60	8.058	80	8.009297	6	80	8.009			30	9	8.055			4	9	8.07			2989	0	8.034445	80	7.98	2456	81	7.97	80	8.09	2585	81	8.094	100	7.988	3318	80	7.993			5300	0	8.033	100	7.66	35	6	8.0450001	80	8.0654998	6	81	8.0699997	59	8.03700015	2079	61	8.0270004	62	8.06400015	2203	62	8.0670004			30	9	8.0459995
		155	98.53	7.6700001			134	37.191	8.1199999			73	69.603	8.04			19678	0	7.95			20354	0	7.86			354	1.492	8.04	95	7.85	74	39.577	8.1			104	100	7.987	100	7.997	6	81	8.007	80	8.048	9	70	8.052								30	50	8.059			4	49	8.062			2989	12	8.03799	100	7.972	2456	101	7.973	100	7.991	2585	101	7.995			3318	101	7.984			5300	12	8.036			35	17	8.0509996	90	8.05649995	6	90	8.0710001	80	8.04799985	2079	80	8.026	82	8.0255003	2203	82	8.0240002			30	50	8.0500002
		154	9.149	8.0200005			134	66.72	8.1000004			73	95.449	8			19678	10	7.94			20354	10	7.88			355	1.889	8.03			74	58.866	8			105	0	8.064			6	90	8.009	90	8.033	9	81	8.038								30	100	8.01			4	98	7.982			2989	26	8.03563			2457	11	8.069			2586	11	8.085			3319	12	8.002			5300	27	8.038			35	28	8.0389996	100	8.0600004	6	99	8.0600004	100	8.03399995	2079	101	8.0229998	102	8.0215001	2203	102	8.0159998			30	100	8.0010004
		154	24.165	8.0100002			134	96.742	8			74	6.961	8.08			19678	20	7.92			20354	20	7.89			355	21.578	8			74	80.042	7.87			105	11	8.074			6	99	8.001			9	89	8.01								31	10	8.057			5	9	8.075			2989	52	8.014116			2457	20	8.068			2586	21	8.084			3319	21	8			5300	52	8.028			35	67	7.9699998			7	10	8.1040001			2080	0	8.0649996			2204	0	8.0760002			31	10	8.0480003
		154	48.227	7.75			137	1.89	8.1199999			75	7.956	8.07			19678	30	7.91			20354	30	7.89			355	42.16	7.9			74	99.227	7.9			105	24	8.069			7	0	8.034			9	100	7.98								31	50	8.06			5	49	8.057			2989	77	7.996348			2457	31	8.062			2586	31	8.087			3319	30	8.001			5300	76	8.029			35	86	7.9029999			7	21	8.1009998			2080	10	8.0679998			2204	12	8.0769997			31	50	8.0509996
		154	73.182	7.6999998			137	40.87	8.1199999			75	22.872	8.07			19678	50	7.84			20354	50	7.9			355	62.343	7.71			98	2.287	8.04			105	40	8.057			7	10	8.036			10	0	8.064								31	100	7.998			5	99	7.961								2457	40	8.062			2586	41	8.087			3319	50	8			5300	101	8.027			36	5	8.0760002			7	31	8.0979996			2080	19	8.0620003			2204	22	8.0760002			31	100	7.9889998
		153	9.05	8.0100002			137	60.357	8.1000004			75	46.736	8.07			19678	75	7.74			20354	75	7.9			355	96.538	7.72			98	8.85	8.05			105	50	8.051			7	21	8.032			10	20	8.063								32	10	8.07			6	10	8.086								2457	50	8.044			2586	52	8.089			3319	60	7.998								36	10	8.0450001			7	41	8.092			2080	30	8.0559998			2204	32	8.0749998			32	10	8.0620003
		153	25.06	8.0200005			137	90.48	8.0600004			75	70.598	8.09			19678	100	7.7			20354	100	7.9			356	1.691	8.03			98	19.391	8.05			105	75	8.042			7	31	8.03			10	30	8.063								32	50	8.06			6	50	8.068								2457	61	8.041			2586	61	8.088			3319	82	7.997								36	20	8.0459995			7	50	8.0819998			2080	40	8.0500002			2204	43	8.0740004			32	50	8.0509996
		153	49.918	7.8200002			140	1.79	8.1199999			75	96.444	8.02			19679	0	7.98			20355	0	7.85			357	1.094	8.04			98	29.831	8.04			105	81	8.039			7	41	8.025			10	40	8.062								32	100	7.994			6	100	7.955								2457	80	7.99			2586	82	8.086			3319	101	7.992								36	42	8.0810003			7	58	8.0760002			2080	50	8.0480003			2204	53	8.0699997			32	100	7.9850001
		153	72.884	7.71			140	43.356	8.1300001			76	7.956	8.08			19679	10	7.97			20355	10	7.87			358	1.691	8.03			98	38.979	8.03			105	100	8.001			7	50	8.019			11	0	8.045								33	10	8.072			7	10	8.077								2457	101	7.971			2586	100	8.014													36	68	7.96			7	70	8.0679998			2080	59	8.0469999			2204	62	8.0609999			33	10	8.0629997
		152	7.956	8.0100002			140	73.779	8.1099997			77	5.967	8.07			19679	20	7.95			20355	20	7.88			359	1.89	8.03			98	47.728	8.03			107	0	8.067			7	58	8.015			11	40	8.06								33	50	8.068			7	50	8.07													2589	12	8.073													36	91	7.829			7	80	8.0609999			2080	80	8.0699997			2204	84	8.0270004			33	50	8.0600004
		152	49.619	7.8200002			140	103.403	7.9299998			78	5.967	8.06			19679	30	7.93			20355	30	7.88			359	27.943	8.04			98	63.535	7.98			107	10	8.073			7	70	8.009			11	50	8.06								33	100	7.984			7	99	8.024													2589	24	8.086													37	5	8.0459995			7	99	8.0419998			2080	100	8.0450001			2204	103	8.0270004			33	100	7.9749999
		152	74.474	7.6300001			144	1.691	8.1300001			78	20.884	8.06			19679	50	7.84			20355	50	7.89			359	38.383	7.98			98	78.149	7.84			107	25	8.075			7	80	8.004			11	60	8.059																												2589	51	8.07													37	24	8.0480003																				
		152	100.42	7.6900001			144	1.79	8.1300001			78	45.742	8.07			19679	75	7.74			20355	75	7.89			359	53.198	7.91			98	93.258	7.76			107	40	8.076			7	99	7.993			11	70	8.059																												2589	75	8.068													37	51	8.0220003																				
		151	9.945	8.0100002			144	67.019	8.1199999			78	68.609	8.02			19679	100	7.7			20355	100	7.9			359	88.689	7.79			99	2.387	8.05			107	50	8.075								11	80	8.057																												2589	101	7.964													37	74	7.8579998																				
		151	24.264	7.9899998			147	2.685	8.1199999			78	94.456	7.96			19680	0	8.01			20356	0	7.85			359	108.17	7.8			99	10.044	8.03			107	75	8.064								11	90	8.055																																											37	99	7.6999998																				
		151	48.128	7.8000002			147	36.893	8.1199999			79	6.961	8.07			19680	10	8			20356	10	7.86			360	2.188	8.03			99	19.391	8.04			107	100	8.060023																																																					38	5	8.0550003																				
		151	73.679	7.6799998			147	66.82	8.1099997			80	6.961	8.07			19680	20	7.98			20356	20	7.88			361	1.89	8.02			99	29.434	8.04																																																										38	13	8.0509996																				
		151	98.233	7.6599998			147	97.339	8.0299997			81	5.967	8.07			19680	30	7.95			20356	30	7.88			361	11.436	8.03			99	39.477	8.04																																																										38	28	8.0439997																				
		150	8.354	8			151	2.088	8.1099997			81	21.878	8.07			19680	50	7.85			20356	50	7.88			361	24.96	8.03			99	49.22	8.02																																																										38	47	7.9949999																				
		150	22.574	7.9699998			151	2.188	8.1099997			81	45.742	8.07			19680	75	7.73			20356	75	7.89			361	40.671	7.93			99	63.139	7.98																																																										38	66	7.9000001																				
		150	50.415	7.9099998			151	39.677	8.1199999			81	70.598	8.01			19680	100	7.69			20356	100	7.91			361	60.357	7.88			99	79.542	7.84																																																										38	86	7.7620001																				
		150	73.083	7.7199998			151	69.007	8.1199999			81	95.45	7.97			19935	0	7.86			20628	0	7.87			361	85.608	7.86			99	93.657	7.81																																																										38	106	7.631																				
		150	96.444	7.6900001			151	98.531	8.0600004			82	6.961	8.07			19935	10	7.86			20628	10	7.89			362	0.994	8.01			100	3.381	8.04																																																										39	6	8.0530005																				
		149	24.463	7.98			154	3.381	8.1199999			83	20.883	8.07			19935	20	7.85			20628	20	7.89			363	0.895	8.01			100	9.348	8.04																																																										39	9	8.0609999																				
		149	49.421	7.8000002			154	31.026	8.1199999			83	95.449	8.01			19935	30	7.84			20628	30	7.89			364	1.492	8.03			100	18.099	8.04																																																										39	17	8.0579996																				
		149	74.375	7.71			154	60.655	8.1099997			84	6.961	8.07			19935	50	7.8			20628	50	7.9			365	2.188	8.01			100	28.241	8.03																																																										39	52	7.9549999																				
		149	100.818	7.6599998			154	90.976	8.1000004			85	6.961	8.07			19935	75	7.74			20628	75	7.9			366	1.492	8.03			100	39.775	7.95																																																										39	73	7.7290001																				
		148	7.558	7.98			160	2.188	8.1199999			87	21.877	8.07			19935	100	7.73			20628	100	7.9			367	1.79	8.01			100	49.32	7.87																																																										39	93	7.6370001																				
		148	24.861	7.9699998			160	37.687	8.1099997			87	45.741	8.08			19936	0	7.9			20629	0	7.86			367	12.332	8.02			100	64.134	7.8																																																										40	5	8.0640001																				
		148	48.327	7.77			160	66.917	8.1000004			87	71.59	8.06			19936	10	7.89			20629	10	7.87			367	30.827	8			100	79.145	7.78																																																										40	10	8.0609999																				
		148	73.779	7.6900001			160	96.939	8.04			87	96.442	8			19936	20	7.88			20629	20	7.88			367	64.434	7.91			100	94.752	7.78																																																										40	26	8.0550003																				
		147	9.646	7.9699998			164	2.188	8.1099997								19936	30	7.86			20629	30	7.88			367	95.351	7.89			101	3.083	8.01																																																										40	49	7.9330001																				
		147	23.867	7.9699998			164	37.985	8.1199999								19936	50	7.81			20629	50	7.89			369	1.989	8			101	9.249	8.01																																																										40	73	7.697																				
		147	47.234	7.7600002			164	67.115	8.1199999								19936	75	7.74			20629	75	7.89			371	1.193	8			101	19.292	8.01																																																										40	99	7.6269999																				
		147	74.077	7.6999998			164	96.837	8								19936	100	7.72			20629	100	7.9			373	2.088	8.01			101	28.54	7.97																																																										41	5	8.0710001																				
		147	98.929	7.6799998			803	2.586	8.1300001								19937	0	7.93			20630	0	7.85			373	28.739	7.99			101	40.571	7.91																																																										41	14	8.066																				
		146	10.243	7.9699998			803	38.583	8.1199999								19937	10	7.92			20630	10	7.86			373	44.251	7.97			101	49.52	7.89																																																										41	28	8.0670004																				
		146	24.662	7.9699998			803	67.317	8.1300001								19937	20	7.9			20630	20	7.87			373	64.235	7.91			101	63.638	7.85																																																										41	47	7.8319998																				
		146	49.023	7.8600001			803	98.333	8.04								19937	30	7.88			20630	30	7.88			373	84.416	7.9			101	79.743	7.86																																																										41	67	7.619																				
		146	73.183	7.7600002													19937	50	7.82			20630	50	7.88			375	2.188	8.01			101	93.759	7.83																																																										41	86	7.6170001																				
		146	97.041	7.7399998													19937	75	7.74			20630	75	7.89			377	2.088	8.02			102	2.685	7.99																																																										41	108	7.6139998																				
		145	8.95	7.98													19937	100	7.72			20630	100	7.9			379	2.188	8.01			102	9.249	7.98																																																										42	5	8.0319996																				
		145	25.955	7.9699998													19938	0	7.96			20631	0	7.85			379	34.506	7.95			102	19.988	7.99																																																										42	12	8.0229998																				
		145	51.907	7.8400002													19938	10	7.95			20631	10	7.86			379	54.691	7.91			102	29.535	7.99																																																										42	20	8.0039997																				
		145	75.668	7.8099999													19938	20	7.93			20631	20	7.87			379	80.34	7.84			102	39.677	7.97																																																										42	41	7.8070002																				
		145	101.017	7.79													19938	30	7.9			20631	30	7.87			379	105.69	7.88			102	49.122	7.92																																																										42	66	7.625																				
		144	8.254	7.9699998													19938	50	7.82			20631	50	7.88			380	1.591	8.01			102	64.036	7.87																																																										42	92	7.6009998																				
		144	26.552	7.9400001													19938	75	7.74			20631	75	7.89			381	1.691	7.99			102	79.246	7.85																																																										43	5	8.0249996																				
		144	48.526	7.8699999													19938	100	7.71			20631	100	7.9			382	1.392	8.03			102	94.754	7.85																																																										43	10	8.0629997																				
		144	75.071	7.8099999													20197	0	7.81			20906	0	7.86								103	2.785	8.05																																																										43	24	8.0019999																				
		144	101.315	7.7800002													20197	10	7.82			20906	10	7.88								103	9.746	8.02																																																										43	50	7.7090001																				
		143	10.144	7.98													20197	20	7.81			20906	20	7.88								103	18.895	8.01																																																										43	100	7.6440001																				
		143	24.364	7.9499998													20197	30	7.8			20906	30	7.89								103	28.441	7.99																																																										44	6	8.0019999																				
		143	48.029	7.8200002													20197	50	7.78			20906	50	7.89								103	38.981	7.95																																																										44	13	8.0089998																				
		143	73.58	7.77													20197	75	7.74			20906	75	7.89								103	48.924	7.91																																																										44	26	7.8530002																				
		143	99.923	7.73													20197	100	7.74			20906	100	7.9								103	63.141	7.93																																																										44	55	7.6890001																				
		142	9.05	7.9899998													20198	0	7.85			20907	0	7.85								103	79.545	7.88																																																										44	68	7.7220001																				
		142	25.159	7.98													20198	10	7.85			20907	10	7.87								103	92.766	7.9																																																										44	89	7.7420001																				
		142	74.972	7.6700001													20198	20	7.83			20907	20	7.88								104	1.691	8.08																																																										44	107	7.7350001																				
		141	9.249	7.9899998													20198	30	7.82			20907	30	7.88								104	8.155	8.08																																																										45	5	7.9619999																				
		141	24.463	7.9899998													20198	50	7.79			20907	50	7.88								104	18.795	8.01																																																										45	10	7.9520001																				
		141	49.918	7.7199998													20198	75	7.75			20907	75	7.89								104	27.645	7.99																																																										45	20	7.869																				
		141	70.896	7.6500001													20198	100	7.74			20907	100	7.9								104	39.776	7.93																																																										45	42	7.7550001																				
		141	87.299	7.6300001													20199	0	7.88			20908	0	7.85								104	49.819	7.89																																																										45	69	7.7410002																				
		141	106.782	7.6300001													20199	10	7.87			20908	10	7.86								104	64.832	7.85																																																										45	92	7.7750001																				
		140	9.05	7.9899998													20199	20	7.85			20908	20	7.87								104	79.346	7.83																																																										46	7	7.9320002																				
		140	23.369	7.9899998													20199	30	7.84			20908	30	7.87								104	93.661	7.86																																																										46	10	7.9130001																				
		140	49.421	7.8000002													20199	50	7.8			20908	50	7.88								104	109.17	7.9																																																										46	20	7.8460002																				
		140	75.469	7.71													20199	75	7.75			20908	75	7.88								105	1.89	8.09																																																										46	40	7.8119998																				
		140	99.824	7.6599998													20199	100	7.73			20908	100	7.9								105	9.646	8.1																																																										46	60	7.7979999																				
		139	9.646	7.9899998													20200	0	7.9			20909	0	7.84								105	19.79	8.09																																																										46	80	7.7519999																				
		139	23.469	7.8600001													20200	10	7.89			20909	10	7.85								105	28.143	8.08																																																										46	100	7.7150002																				
		139	49.321	7.71													20200	20	7.87			20909	20	7.87								105	38.882	8.01																																																										47	6	7.9130001																				
		138	8.652	7.9899998													20200	30	7.85			20909	30	7.87								105	47.929	7.98																																																										47	15	7.8649998																				
		138	49.52	7.6999998													20200	50	7.81			20909	50	7.88								105	63.937	7.92																																																										47	33	7.8540001																				
		138	74.872	7.6799998													20200	75	7.75			20909	75	7.88								105	78.153	7.88																																																										47	59	7.8530002																				
		138	99.326	7.6599998													20200	100	7.73			20909	100	7.9								105	93.363	7.83																																																										47	83	7.6420002																				
		137	8.453	7.9899998													20464	0	7.77			21187	0	7.86								106	3.381	8.11																																																										47	107	7.6370001																				
		137	48.923	7.7600002													20464	10	7.78			21187	10	7.87								106	9.547	8.11																																																										48	6	7.8909998																				
		137	74.077	7.6799998													20464	20	7.77			21187	20	7.88								106	18.895	8.11																																																										48	13	7.8790002																				
		137	99.823	7.6700001													20464	30	7.77			21187	30	7.88								106	29.535	8.11																																																										48	20	7.8829999																				
		136	8.751	8													20464	50	7.77			21187	50	7.89								106	38.185	8.1																																																										48	42	7.8699999																				
		136	24.662	7.9899998													20464	75	7.74			21187	75	7.89								106	48.128	8.03																																																										48	71	7.6469998																				
		136	48.426	7.8299999													20464	100	7.74			21187	100	7.9								106	63.936	7.87																																																										48	91	7.5539999																				
		136	94.356	7.6599998													20465	0	7.8			21188	0	7.85								106	79.246	7.92																																																										49	5	7.8959999																				
		135	8.055	8.04													20465	10	7.8			21188	10	7.86								106	94.058	7.9																																																										49	9	7.9029999																				
		135	23.568	8.0200005													20465	20	7.79			21188	20	7.87								107	38.284	8.1																																																										49	19	7.8979998																				
		135	47.034	7.7199998													20465	30	7.78			21188	30	7.87								107	47.83	8.1																																																										49	52	7.882																				
		135	74.175	7.6599998													20465	50	7.78			21188	50	7.88								107	64.93	7.87																																																										49	69	7.7199998																				
		135	99.822	7.6300001													20465	75	7.75			21188	75	7.89								107	79.146	7.93																																																										49	100	7.6069999																				
		134	9.646	8.0500002													20465	100	7.74			21188	100	7.9								107	93.163	7.92																																																										50	6	7.895																				
		134	25.457	8.04													20466	0	7.82			21189	0	7.84																																																																				50	16	7.914																				
		134	48.326	7.77													20466	10	7.82			21189	10	7.86																																																																				50	34	7.881																				
		134	75.268	7.6700001													20466	20	7.81			21189	20	7.86																																																																				50	58	7.698																				
																	20466	30	7.79			21189	30	7.87																																																																				50	83	7.6059999																				
																	20466	50	7.79			21189	50	7.87																																																																				50	106	7.5809999																				
																	20466	75	7.75			21189	75	7.88																																																																				51	22	7.8930001																				
																	20466	100	7.74			21189	100	7.9																																																																				51	51	7.8839998																				
																	20467	0	7.84			21190	0	7.84																																																																				51	75	7.6989999																				
																	20467	10	7.84			21190	10	7.85																																																																				51	95	7.6079998																				
																	20467	20	7.82			21190	20	7.86																																																																				52	5	7.9089999																				
																	20467	30	7.8			21190	30	7.86																																																																				52	30	7.9060001																				
																	20467	50	7.79			21190	50	7.87																																																																				52	51	7.7490001																				
																	20467	75	7.75			21190	75	7.89																																																																				52	81	7.5949998																				
																	20467	100	7.73			21190	100	7.9																																																																				52	108	7.599																				
																																																																																												53	5	7.9390001																				
																																																																																												53	20	7.9419999																				
																																																																																												53	42	7.9289999																				
																																																																																												53	67	7.6869998																				
																																																																																												53	92	7.6059999																				
																																																																																												54	5	7.947																				
																																																																																												54	10	7.9520001																				
																																																																																												54	20	7.9390001																				
																																																																																												54	40	7.8990002																				
																																																																																												54	60	7.9029999																				
																																																																																												54	75	7.651																				
																																																																																												54	90	7.6030002																				
																																																																																												55	5	7.954																				
																																																																																												55	13	7.967																				
																																																																																												55	27	7.9400001																				
																																																																																												55	46	7.9310002																				
																																																																																												55	67	7.9330001																				
																																																																																												55	86	7.8509998																				
																																																																																												55	107	7.7119999																				
